1731412800,0.06977,0.06978,0.06331,0.06331,168519.78823,41
1731427200,0.0635,0.06684,0.06325,0.06497,257764.42383,39
1731441600,0.06456,0.06797,0.064,0.06749,224216.26721,52
1731456000,0.06819,0.06819,0.0619,0.06312,82430.13358,33
1731470400,0.06247,0.06247,0.05967,0.0599,102354.40776,36
1731484800,0.06017,0.06068,0.05898,0.05995,40018.61826,24
1731499200,0.05977,0.07858,0.0597,0.06377,477290.7278500001,113
1731513600,0.06368,0.06385,0.06012,0.06014,397425.69728,81
1731528000,0.06012,0.06135,0.05931,0.06052,256194.47281,62
1731542400,0.0605,0.06113,0.05643,0.05717,132985.26277,52
1731556800,0.05703,0.05901,0.05703,0.05822,1426531.36935,125
1731571200,0.05841,0.0656,0.05589,0.05603,405311.33983,84
1731585600,0.05664,0.05856,0.0551,0.05604,327331.4201399999,80
1731600000,0.05601,0.05877,0.0556,0.05877,118368.44947,44
1731614400,0.05867,0.06048,0.05708,0.05723,466835.7132299973,343
1731628800,0.05813,0.06148,0.05701,0.05806,108283.20946,62
1731643200,0.0582,0.06061,0.05629,0.05841,70644.27577,52
1731657600,0.05915,0.06236,0.05915,0.06039,304197.68365,73
1731672000,0.06039,0.06051,0.0595,0.06045,1059538.45934,102
1731686400,0.06057,0.06202,0.06002,0.06003,548509.5393699998,71
1731700800,0.06027,0.06073,0.05996,0.05997,688218.17956,81
1731715200,0.05996,0.06266,0.05974,0.06231,258467.70048,48
1731729600,0.06227,0.06227,0.06022,0.06041,150780.69711,31
1731744000,0.06048,0.06126,0.05964,0.06126,97542.22197,48
1731758400,0.06125,0.06174,0.05916,0.05977,473568.0378500001,66
1731772800,0.05983,0.06055,0.05968,0.06,118212.43269,52
1731787200,0.05998,0.06129,0.05993,0.06124,472111.9376200001,75
1731801600,0.06139,0.06268,0.05797,0.0599,753580.3964800001,63
1731816000,0.06,0.0615,0.06,0.0606,159302.52737,27
1731830400,0.06031,0.06441,0.05965,0.05987,86517.96172,33
1731844800,0.05976,0.05996,0.05884,0.05943,97433.47841,34
1731859200,0.05916,0.06,0.05855,0.0593,594947.9015300001,59
1731873600,0.05957,0.0602,0.05922,0.0602,313431.7372800001,41
1731888000,0.06029,0.06038,0.05989,0.06026,109933.99726,38
1731902400,0.06011,0.06371,0.06011,0.06323,237849.10964,41
1731916800,0.06277,0.0654,0.06189,0.06227,152660.04289,62
1731931200,0.06276,0.06867,0.06276,0.06676,254914.0421600001,94
1731945600,0.0666,0.07597,0.06384,0.0647,371921.41889,103
1731960000,0.06488,0.06559,0.06409,0.06478,142391.51308,52
1731974400,0.06957,0.07262,0.06645,0.07002,556399.05981,140
1731988800,0.07036,0.07116,0.06826,0.06834,224680.4117599999,87
1732003200,0.06769,0.06769,0.06241,0.06494,124808.64274,36
1732017600,0.0655,0.06639,0.06354,0.0637,54403.99792,35
1732032000,0.06389,0.07008,0.06374,0.06487,519500.3897699999,97
1732046400,0.06459,0.06489,0.0629,0.0634,418762.92496,79
1732060800,0.06435,0.06462,0.05963,0.06056,481320.4498799999,72
1732075200,0.0603,0.06127,0.06024,0.06069,344758.98125,58
1732089600,0.06053,0.06127,0.06,0.06002,48685.77686,29
1732104000,0.06003,0.0613,0.05941,0.0601,284603.2147899999,51
1732118400,0.06041,0.06041,0.05836,0.05861,182273.01211,58
1732132800,0.05892,0.05973,0.05892,0.05916,208475.02573,51
1732147200,0.05917,0.06235,0.05862,0.05955,110649.6745,55
1732161600,0.05866,0.05968,0.0578,0.05911,60818.56563,36
1732176000,0.05925,0.05931,0.05795,0.05814,24299.38117,15
1732190400,0.05829,0.06122,0.05829,0.05965,250231.07721,54
1732204800,0.06034,0.06054,0.05954,0.05963,139116.69054,50
1732219200,0.05979,0.06025,0.05911,0.06025,145171.40664,73
1732233600,0.05998,0.06002,0.05834,0.05903,396718.66323,68
1732248000,0.05903,0.05964,0.05841,0.05841,146081.1911900001,49
1732262400,0.0585,0.0585,0.05799,0.05818,167552.15953,51
1732276800,0.05815,0.05847,0.05611,0.05791,348604.74758,70
1732291200,0.05793,0.05914,0.05724,0.05724,176944.15772,74
1732305600,0.05742,0.05915,0.05742,0.05915,265357.0415200001,56
1732320000,0.05896,0.059,0.0574,0.05836,437337.00569,86
1732334400,0.058,0.05908,0.05798,0.05875,86364.83812,34
1732348800,0.05892,0.06029,0.05892,0.05936,100718.36961,54
1732363200,0.05943,0.0624,0.05943,0.06126,235765.3881800001,86
1732377600,0.06174,0.06174,0.05843,0.05952,260358.31888,75
1732392000,0.05937,0.05976,0.05798,0.0593,146489.02625,49
1732406400,0.05922,0.06134,0.05922,0.06097,171503.0880699999,65
1732420800,0.06123,0.06154,0.0602,0.06116,124000.92273,56
1732435200,0.06112,0.06943,0.05788,0.05788,263939.8920000001,72
1732449600,0.05851,0.05855,0.05614,0.05694,122786.04456,50
1732464000,0.05681,0.06211,0.05501,0.05895,118441.49527,51
1732478400,0.05905,0.06808,0.05905,0.06107,293053.13734,85
1732492800,0.0607,0.06123,0.05903,0.05947,34082.59553,22
1732507200,0.05982,0.06012,0.05951,0.06012,48616.60374,18
1732521600,0.06011,0.06087,0.05985,0.0603,68359.29695,31
1732536000,0.06105,0.06121,0.058,0.06013,569438.37125,118
1732550400,0.06012,0.06102,0.05909,0.06021,532919.6458099998,69
1732564800,0.06035,0.06127,0.05765,0.05934,357265.3701100001,83
1732579200,0.05848,0.06047,0.05839,0.06047,141971.3796500001,40
1732593600,0.05991,0.06482,0.05938,0.05938,100224.70084,45
1732608000,0.05936,0.05936,0.05548,0.05634,86445.40078,106
1732622400,0.05692,0.05994,0.0565,0.0574,93190.13823,41
1732636800,0.05775,0.05816,0.05588,0.0565,151537.14707,49
1732651200,0.05649,0.05844,0.05649,0.05844,143940.8275900001,46
1732665600,0.05815,0.05861,0.05722,0.05843,64337.69037,28
1732680000,0.05871,0.05943,0.05795,0.05934,83193.19382,38
1732694400,0.06029,0.06191,0.05867,0.05995,401614.7429900001,132
1732708800,0.05995,0.06244,0.05923,0.0608,265211.91582,71
1732723200,0.06081,0.06887,0.06042,0.06042,209316.8461100001,106
1732737600,0.06053,0.06922,0.05974,0.06097,533599.1702300004,194
1732752000,0.06097,0.06523,0.06097,0.06373,304903.47622,101
1732766400,0.06499,0.06917,0.06379,0.06917,1098613.498909999,246
1732780800,0.06491,0.06896,0.06377,0.06506,106563.49839,52
1732795200,0.0653,0.0684,0.06459,0.06837,346145.0700200001,91
1732809600,0.06793,0.07489,0.0677,0.06923,1021113.276640001,327
1732824000,0.06905,0.06911,0.06535,0.06715,447475.2958200001,213
1732838400,0.06697,0.06708,0.06417,0.065,237568.26856,84
1732852800,0.06503,0.06895,0.06456,0.06473,245066.64594,104
1732867200,0.06516,0.07777,0.06477,0.06509,330937.48021,93
1732881600,0.06515,0.06623,0.06515,0.06567,1092785.4955900004,173
1732896000,0.06555,0.0662,0.06525,0.0655,289683.37511,91
1732910400,0.06548,0.06612,0.06543,0.06596,134137.07758,83
1732924800,0.06595,0.06758,0.0648,0.06576,185351.42559,93
1732939200,0.0656,0.06617,0.0656,0.06566,79733.05469,49
1732953600,0.0658,0.06659,0.06507,0.06584,291626.4716499999,83
1732968000,0.06569,0.07049,0.06569,0.07035,425284.8378200002,149
1732982400,0.07038,0.08455,0.06957,0.07317,3151125.98646,520
1732996800,0.07324,0.07727,0.07315,0.07517,1562707.4466899992,330
1733011200,0.07485,0.0843,0.07175,0.07526,1148577.3860300002,687
1733025600,0.07527,0.0835,0.075,0.07867,1384247.4694099992,847
1733040000,0.07885,0.0835,0.07647,0.07683,832510.8721700001,358
1733054400,0.07676,0.07993,0.07642,0.07706,1899263.98366,342
1733068800,0.07704,0.07967,0.07594,0.07685,917264.4512600001,198
1733083200,0.07692,0.07734,0.075,0.07633,698112.54377,190
1733097600,0.07634,0.07634,0.07211,0.07235,750982.7351599999,211
1733112000,0.07291,0.08067,0.071,0.07198,1298099.8912500013,271
1733126400,0.07176,0.07585,0.06347,0.0703,640626.1910400001,220
1733140800,0.07009,0.0741,0.07006,0.07242,484191.9305200001,168
1733155200,0.07293,0.07307,0.06979,0.07154,519645.7423899996,159
1733169600,0.07126,0.07475,0.07122,0.0746,1981844.410880001,347
1733184000,0.07461,0.07513,0.07069,0.07306,2530838.8421100006,386
1733198400,0.07272,0.07619,0.07154,0.07177,511017.7884099997,183
1733212800,0.0723,0.07397,0.07182,0.07284,412636.7090699999,107
1733227200,0.07231,0.0729,0.06525,0.0681,1204514.81528,217
1733241600,0.06858,0.071,0.06273,0.06989,2308898.8337499993,377
1733256000,0.06987,0.07246,0.06974,0.07246,637613.5059099998,207
1733270400,0.07182,0.07423,0.07032,0.07139,510131.6249599998,123
1733284800,0.0714,0.07225,0.07109,0.07225,276367.6492799999,126
1733299200,0.07242,0.07479,0.0721,0.07378,438917.5740299998,129
1733313600,0.07383,0.07607,0.07205,0.07405,971886.4530200004,186
1733328000,0.07394,0.07535,0.07077,0.0751,674941.83631,119
1733342400,0.0751,0.07614,0.07157,0.07274,853620.3257200001,150
1733356800,0.07242,0.07321,0.06848,0.07111,2298312.4845300014,222
1733371200,0.07065,0.07324,0.07016,0.07259,331434.0412399999,101
1733385600,0.07259,0.07491,0.0725,0.07486,476597.5374399999,116
1733400000,0.07528,0.08029,0.0752,0.07703,2108552.43564,440
1733414400,0.07728,0.08234,0.07703,0.07727,982687.1001399995,248
1733428800,0.07696,0.07865,0.07,0.07526,1656375.602429999,320
1733443200,0.07508,0.09,0.07476,0.07982,1162329.5343799999,284
1733457600,0.0803,0.08261,0.07945,0.07954,310263.6334500001,122
1733472000,0.07971,0.08062,0.07542,0.07632,246945.12113,105
1733486400,0.07712,0.07848,0.07335,0.07727,301217.4797900001,121
1733500800,0.07761,0.09523,0.0775,0.08271,7819531.0497099785,1892
1733515200,0.08288,0.08558,0.08007,0.08125,4175433.7353900056,2464
1733529600,0.0813,0.08424,0.07795,0.07848,3330399.3522599996,746
1733544000,0.07827,0.08178,0.078,0.07863,1430957.4688400005,282
1733558400,0.07909,0.0806,0.07839,0.0799,1064367.5840300003,138
1733572800,0.07994,0.08121,0.07909,0.08009,737459.4105400001,143
1733587200,0.08025,0.08248,0.07878,0.0807,1136764.3900200003,236
1733601600,0.08062,0.08238,0.08049,0.08092,737282.9786099993,197
1733616000,0.08152,0.08718,0.08152,0.08248,3177013.3610099987,967
1733630400,0.08393,0.08465,0.08117,0.08317,981838.0634300007,389
1733644800,0.08301,0.08447,0.0802,0.08109,1004364.34327,560
1733659200,0.08098,0.08639,0.08082,0.08639,699505.45312,134
1733673600,0.08662,0.08799,0.0833,0.08573,4397836.781359999,392
1733688000,0.08524,0.09036,0.08524,0.09017,797079.3640199999,268
1733702400,0.08937,0.08957,0.0822,0.08345,1189353.7673599995,551
1733716800,0.08362,0.08525,0.08025,0.08154,802611.6286599999,213
1733731200,0.08117,0.0824,0.0774,0.07902,834111.1364699998,150
1733745600,0.0785,0.08403,0.0785,0.08054,854060.9593499998,175
1733760000,0.08011,0.08119,0.078,0.07921,389168.6451000001,123
1733774400,0.07888,0.07888,0.06344,0.07628,3851346.953859997,901
1733788800,0.07596,0.07655,0.06971,0.07283,1148550.6520300002,252
1733803200,0.07286,0.07931,0.06966,0.07819,436416.5733899999,127
1733817600,0.07779,0.0778,0.07571,0.07612,354580.40704,99
1733832000,0.07636,0.07637,0.06981,0.06981,1577477.5956899996,279
1733846400,0.06966,0.07382,0.06892,0.07289,1842251.5561199994,225
1733860800,0.07269,0.0773,0.07261,0.07547,528170.1426699999,176
1733875200,0.07513,0.07538,0.07127,0.07413,692046.9583099996,168
1733889600,0.074,0.07565,0.0725,0.07325,427703.40751,100
1733904000,0.07336,0.07672,0.07336,0.07628,151186.7895,49
1733918400,0.07724,0.08221,0.0771,0.08163,945628.7578099995,182
1733932800,0.08136,0.08164,0.07991,0.08153,438952.4936099999,108
1733947200,0.08175,0.08287,0.08124,0.08172,436209.53688,137
1733961600,0.08189,0.09063,0.08189,0.09063,1736884.9224900005,298
1733976000,0.09086,0.09244,0.08876,0.0903,840533.7164699999,151
1733990400,0.09074,0.093,0.08497,0.08519,1625506.8155799988,320
1734004800,0.08619,0.08688,0.08308,0.08457,1186532.4202200007,148
1734019200,0.08476,0.08551,0.081,0.08101,3016663.15569,325
1734033600,0.08184,0.08452,0.08184,0.08248,504354.87644,104
1734048000,0.08209,0.08278,0.08004,0.08084,1023886.3151900003,140
1734062400,0.08074,0.08115,0.07884,0.07975,580817.5596100001,112
1734076800,0.07989,0.0813,0.0795,0.08076,702298.37819,138
1734091200,0.08083,0.08244,0.07955,0.08062,250427.16671,113
1734105600,0.08027,0.082,0.07955,0.08064,922565.82437,152
1734120000,0.08072,0.08154,0.07969,0.08096,280209.3739400001,65
1734134400,0.08139,0.08454,0.08139,0.08195,310311.4677100001,96
1734148800,0.08197,0.08197,0.08119,0.08119,168353.63127,48
1734163200,0.08171,0.08171,0.07963,0.08108,126272.64907,53
1734177600,0.08103,0.08103,0.07742,0.07971,643622.96845,126
1734192000,0.07917,0.07917,0.07716,0.07718,264870.35675,70
1734206400,0.07791,0.07857,0.07694,0.07849,440823.5629899999,103
1734220800,0.07757,0.07883,0.0765,0.07776,186461.12491,49
1734235200,0.0777,0.07884,0.07599,0.07623,161470.14133,52
1734249600,0.07635,0.07819,0.07614,0.07807,279049.8609600001,44
1734264000,0.07813,0.08151,0.07776,0.08151,279384.74425,92
1734278400,0.08096,0.08167,0.08076,0.08101,266539.47655,45
1734292800,0.08096,0.08399,0.07987,0.08295,484826.7030100001,107
1734307200,0.0827,0.08444,0.08097,0.08097,751348.95235,131
1734321600,0.08139,0.08205,0.07983,0.08001,224467.13362,82
1734336000,0.07984,0.07984,0.07742,0.07744,203216.04602,79
1734350400,0.07755,0.07899,0.07717,0.07866,432090.1913899999,74
1734364800,0.0787,0.08086,0.07855,0.07996,275965.0437200001,84
1734379200,0.07984,0.08031,0.07806,0.0788,308053.0197400001,84
1734393600,0.07877,0.07877,0.07672,0.07834,303164.67259,99
1734408000,0.07746,0.07824,0.07656,0.07734,69539.95753,40
1734422400,0.07714,0.07862,0.07645,0.078,357552.5007099999,62
1734436800,0.07792,0.07871,0.07571,0.07606,550882.7785100002,129
1734451200,0.07569,0.0793,0.07569,0.07748,368689.6013499998,85
1734465600,0.07791,0.07835,0.07491,0.07526,576964.23236,87
1734480000,0.07541,0.0764,0.07231,0.07374,706549.4099699999,127
1734494400,0.07363,0.07363,0.07207,0.07336,399454.4927100001,105
1734508800,0.07295,0.07478,0.072,0.07478,164521.69571,48
1734523200,0.07459,0.0763,0.07362,0.07557,336734.7749399999,94
1734537600,0.0755,0.07799,0.07486,0.075,1202565.1004500005,123
1734552000,0.07466,0.07514,0.0708,0.0708,1306988.395760001,342
1734566400,0.07131,0.07448,0.068,0.07426,1670964.9851199992,400
1734580800,0.07405,0.07505,0.07373,0.07379,135626.6474700001,53
1734595200,0.07349,0.07657,0.07218,0.07451,220578.1808,54
1734609600,0.07462,0.07597,0.07009,0.07078,626237.40301,171
1734624000,0.07041,0.07346,0.06809,0.07111,545671.7577099997,228
1734638400,0.07041,0.07306,0.06896,0.07065,783074.3663899999,186
1734652800,0.07108,0.07251,0.06977,0.07073,159311.9987500001,92
1734667200,0.0705,0.07205,0.06818,0.07137,243447.1932600001,99
1734681600,0.07153,0.07205,0.06512,0.06548,2052924.2932600004,669
1734696000,0.06602,0.07237,0.06548,0.07204,857313.02644,241
1734710400,0.07184,0.07351,0.07184,0.07308,306563.1842799999,85
1734724800,0.07299,0.07483,0.07103,0.07465,498294.6216800002,119
1734739200,0.07459,0.07586,0.07367,0.07472,364774.72194,86
1734753600,0.07434,0.07774,0.07427,0.07729,175343.8982699999,59
1734768000,0.07672,0.07672,0.07361,0.07361,205342.69116,67
1734782400,0.07398,0.07407,0.06945,0.07205,569115.0806,147
1734796800,0.07137,0.0718,0.0685,0.0685,178776.65207,69
1734811200,0.06917,0.0697,0.06708,0.06924,496195.5580199999,81
1734825600,0.06902,0.06903,0.06675,0.06745,395119.92685,99
1734840000,0.06746,0.06756,0.066,0.06638,615913.4416300001,113
1734854400,0.06665,0.06938,0.06657,0.06881,197659.94838,73
1734868800,0.06889,0.06981,0.06624,0.06786,436974.4326699999,102
1734883200,0.06792,0.06878,0.066,0.066,254111.2365,66
1734897600,0.06628,0.06764,0.06548,0.06686,105893.52384,44
1734912000,0.06668,0.06894,0.06576,0.06894,90130.53759,46
1734926400,0.06911,0.07,0.06728,0.06878,420076.33201,83
1734940800,0.06878,0.07059,0.06858,0.06932,343036.2699300001,61
1734955200,0.06972,0.07341,0.06958,0.07237,438866.7634600002,120
1734969600,0.07258,0.07471,0.07105,0.07347,161334.0912900001,99
1734984000,0.07349,0.07555,0.07334,0.07381,807560.6258099999,177
1734998400,0.0737,0.07924,0.07244,0.07896,443806.8461200002,168
1735012800,0.07912,0.08198,0.07869,0.08053,940713.94184,214
1735027200,0.08039,0.08039,0.07732,0.07799,769302.55162,141
1735041600,0.07807,0.0796,0.07767,0.07877,511801.8620500001,106
1735056000,0.07883,0.07898,0.07665,0.07665,415889.02714,96
1735070400,0.07638,0.07643,0.07521,0.07531,348364.7772800001,80
1735084800,0.07509,0.08306,0.07426,0.08214,576862.0031499999,247
1735099200,0.0822,0.08292,0.07769,0.07769,630588.1332500001,133
1735113600,0.07812,0.08085,0.0758,0.07669,407586.88238,151
1735128000,0.07663,0.07776,0.07601,0.07602,388945.502,120
1735142400,0.0758,0.07639,0.07459,0.07619,389928.2976099999,86
1735156800,0.07621,0.07621,0.07469,0.07529,202682.1733200001,88
1735171200,0.07513,0.07529,0.07231,0.07274,229359.5692700001,124
1735185600,0.0726,0.0726,0.07042,0.07081,246773.1924000001,133
1735200000,0.07087,0.07087,0.06934,0.06978,251172.30016,101
1735214400,0.06931,0.07026,0.06852,0.06944,633038.1450099999,143
1735228800,0.06944,0.06979,0.06838,0.06859,276139.07864,104
1735243200,0.0684,0.06881,0.06754,0.06836,462265.5965699998,128
1735257600,0.0683,0.06843,0.06708,0.06769,432734.7335599998,100
1735272000,0.06775,0.06795,0.06635,0.0665,338944.6233,84
1735286400,0.06693,0.07009,0.06693,0.0695,597939.53515,139
1735300800,0.06961,0.06975,0.06627,0.06633,540776.51108,108
1735315200,0.06645,0.06925,0.06589,0.06669,1143602.8405100005,286
1735329600,0.06661,0.06675,0.06535,0.06597,374735.60985,119
1735344000,0.06597,0.06671,0.06455,0.06508,398629.84109,142
1735358400,0.065,0.0651,0.06445,0.06475,158929.4807,42
1735372800,0.06498,0.06647,0.06498,0.06607,295153.84763,47
1735387200,0.06599,0.06753,0.06599,0.06652,651258.5336300002,135
1735401600,0.06672,0.0674,0.06657,0.06669,417692.0225099999,111
1735416000,0.06663,0.06731,0.06643,0.06698,382470.60693,62
1735430400,0.06694,0.06694,0.06578,0.06597,560632.9668299999,82
1735444800,0.0661,0.0661,0.06538,0.06598,29187.48538,23
1735459200,0.06588,0.06603,0.06555,0.06568,1661140.4747499998,94
1735473600,0.06563,0.06573,0.06459,0.06459,285147.08884,68
1735488000,0.06464,0.06467,0.06376,0.06409,211638.87287,67
1735502400,0.06404,0.0641,0.0633,0.06379,462106.73857,104
1735516800,0.06358,0.0654,0.06358,0.0647,131770.5023999999,58
1735531200,0.06486,0.06486,0.06358,0.06384,243645.5189700001,50
1735545600,0.06378,0.06462,0.06326,0.06385,117364.56156,41
1735560000,0.06403,0.06432,0.06057,0.06119,937492.6294400003,225
1735574400,0.06096,0.06366,0.0605,0.06352,454535.9913000001,95
1735588800,0.06365,0.06404,0.06185,0.06288,229160.58937,79
1735603200,0.0628,0.0628,0.06088,0.06088,261277.93628,78
1735617600,0.06097,0.06097,0.06007,0.06007,121343.48833,52
1735632000,0.06064,0.06171,0.06064,0.06157,446620.6921,73
1735646400,0.06175,0.06387,0.06166,0.06295,500841.36112,116
1735660800,0.06283,0.06299,0.06064,0.06164,503064.06367,83
1735675200,0.0615,0.06193,0.06119,0.06148,153566.78046,32
1735689600,0.06161,0.06345,0.06123,0.06123,216752.14799,63
1735704000,0.06119,0.06157,0.06106,0.06131,208453.0331199999,42
1735718400,0.0613,0.06362,0.06025,0.06147,164947.7350400001,75
1735732800,0.06126,0.06233,0.06126,0.06233,88412.4192,38
1735747200,0.06226,0.06346,0.06183,0.06315,497925.28718,97
1735761600,0.06324,0.06375,0.06302,0.06346,330943.52574,74
1735776000,0.06315,0.06403,0.06273,0.06364,312670.00564,84
1735790400,0.06366,0.0655,0.06343,0.06522,766781.0248100001,77
1735804800,0.06537,0.06741,0.06522,0.06716,352158.16441,78
1735819200,0.06753,0.0716,0.06666,0.06997,1822486.6337699988,421
1735833600,0.06997,0.0716,0.0679,0.06798,1023164.0465299996,338
1735848000,0.06789,0.06905,0.06631,0.06853,1918290.26153,261
1735862400,0.06839,0.06923,0.06715,0.06904,1694533.0610700003,183
1735876800,0.06903,0.06945,0.06733,0.06733,436864.7113299999,142
1735891200,0.06711,0.06899,0.06711,0.06899,365803.9568100001,91
1735905600,0.06917,0.07178,0.06895,0.07106,1619565.1062600007,227
1735920000,0.07135,0.07208,0.07076,0.07192,580745.99439,161
1735934400,0.07213,0.07237,0.07085,0.07126,420307.2340699999,116
1735948800,0.07152,0.07182,0.07043,0.07126,517079.19937,84
1735963200,0.07128,0.07186,0.07099,0.07167,359857.9875799999,60
1735977600,0.07159,0.07327,0.07089,0.0728,375676.43075,96
1735992000,0.07251,0.0739,0.07177,0.07239,379490.20676,91
1736006400,0.07239,0.07409,0.07206,0.07331,651007.75562,168
1736020800,0.07347,0.07524,0.07347,0.07399,362001.3894,108
1736035200,0.07419,0.07419,0.07197,0.07228,309753.1890300001,76
1736049600,0.07264,0.07369,0.07197,0.07247,826271.8622200001,135
1736064000,0.07252,0.07337,0.07078,0.07128,469995.8616799999,124
1736078400,0.07128,0.07313,0.07097,0.07208,218974.6335,77
1736092800,0.07202,0.07237,0.0709,0.07215,224812.54809,83
1736107200,0.07246,0.07338,0.07203,0.07248,669755.4390399999,318
1736121600,0.07247,0.0733,0.07088,0.07259,641829.2825700002,139
1736136000,0.07278,0.07426,0.07169,0.07238,531909.3367300002,114
1736150400,0.07254,0.07361,0.0719,0.07308,463143.96332,125
1736164800,0.07334,0.07669,0.07298,0.07646,1949893.0794899995,295
1736179200,0.07651,0.07771,0.075,0.07705,1039894.8360599984,228
1736193600,0.07701,0.07717,0.0748,0.07561,668309.0135799999,179
1736208000,0.07543,0.07851,0.07485,0.07697,228336.21616,147
1736222400,0.07703,0.07747,0.07487,0.07499,249444.81177,95
1736236800,0.07529,0.0753,0.07311,0.07332,568794.7787799998,130
1736251200,0.07403,0.07653,0.07007,0.07265,1388225.6977699997,321
1736265600,0.07169,0.07291,0.06832,0.06902,1450637.75673,297
1736280000,0.06875,0.07032,0.06837,0.06889,486766.7902399998,181
1736294400,0.06927,0.06993,0.06694,0.0671,770838.55657,252
1736308800,0.06723,0.06723,0.06438,0.06651,698996.4966199999,163
1736323200,0.0666,0.06757,0.06599,0.06626,599713.74362,117
1736337600,0.06599,0.06664,0.065,0.06546,1484497.8179999997,200
1736352000,0.06544,0.06645,0.06222,0.0659,1102261.640909999,282
1736366400,0.06561,0.06739,0.06548,0.06718,159700.45548,81
1736380800,0.0669,0.06703,0.065,0.065,280577.7573500001,89
1736395200,0.06515,0.0658,0.0636,0.06371,1198122.885959999,155
1736409600,0.06392,0.06524,0.06343,0.06425,196079.4214200001,84
1736424000,0.06414,0.065,0.06177,0.0646,891353.9294900002,217
1736438400,0.0646,0.06506,0.06308,0.06315,550181.8299700001,117
1736452800,0.06329,0.06403,0.06192,0.06343,555762.2260799996,121
1736467200,0.06343,0.06496,0.06343,0.06426,286564.7071599999,94
1736481600,0.06466,0.06609,0.06415,0.06594,353822.35036,88
1736496000,0.06578,0.06758,0.06531,0.06599,1443266.9518899994,149
1736510400,0.06584,0.06584,0.061,0.06462,817447.4553399998,206
1736524800,0.06401,0.06598,0.06339,0.06534,226816.0135600001,103
1736539200,0.06536,0.0654,0.06461,0.06529,202767.6145,58
1736553600,0.06517,0.06517,0.06412,0.06453,90655.92045,36
1736568000,0.06465,0.06496,0.06423,0.0643,56612.13596,28
1736582400,0.06449,0.06484,0.06412,0.06484,21575.80179,12
1736596800,0.06482,0.06482,0.06369,0.06415,97717.01702,32
1736611200,0.06421,0.06421,0.06341,0.06368,725800.2427199997,108
1736625600,0.06379,0.06635,0.06378,0.06445,251324.64464,87
1736640000,0.06439,0.06454,0.0636,0.06372,511447.2576299999,66
1736654400,0.06397,0.0643,0.0635,0.06377,1389845.9939400002,87
1736668800,0.06396,0.06396,0.06263,0.06305,189984.66458,40
1736683200,0.0629,0.06353,0.06258,0.06337,466217.65357,49
1736697600,0.06296,0.06331,0.06271,0.06277,220976.54603,60
1736712000,0.06287,0.06293,0.06135,0.06211,372769.64904,71
1736726400,0.06207,0.06387,0.06062,0.06108,182263.74841,75
1736740800,0.06119,0.06159,0.05968,0.06037,339375.38463,97
1736755200,0.06036,0.06036,0.05742,0.05742,1272349.48808,180
1736769600,0.05742,0.0605,0.0564,0.06044,568473.69456,155
1736784000,0.06015,0.06115,0.05922,0.0605,2384006.02087,267
1736798400,0.06007,0.06259,0.06005,0.06225,322191.09324,75
1736812800,0.06222,0.06345,0.06173,0.06263,346248.9617899999,90
1736827200,0.06288,0.06372,0.06274,0.06349,176689.71303,43
1736841600,0.06354,0.06487,0.06332,0.06358,737613.1391700001,102
1736856000,0.06363,0.06461,0.05759,0.06418,1561225.6007600012,560
1736870400,0.06399,0.06805,0.0633,0.06401,423427.29902,148
1736884800,0.06399,0.0651,0.06101,0.06398,353523.97316,123
1736899200,0.06405,0.06435,0.06313,0.06364,391047.21806,80
1736913600,0.06375,0.06451,0.06343,0.06377,841037.6093800003,140
1736928000,0.06396,0.06435,0.06211,0.06267,95403.37279,38
1736942400,0.06267,0.06641,0.06213,0.0661,402040.1005700001,95
1736956800,0.06623,0.06662,0.0654,0.06662,883845.81495,111
1736971200,0.06646,0.0677,0.066,0.067,1964969.8018000005,214
1736985600,0.06692,0.06692,0.06525,0.0655,379961.5525400001,92
1737000000,0.06549,0.06602,0.06549,0.06586,296907.25614,59
1737014400,0.06548,0.06548,0.06387,0.06526,784917.0794099998,134
1737028800,0.06568,0.0661,0.06274,0.06475,568538.05802,91
1737043200,0.06539,0.06565,0.06476,0.06565,443649.4460500001,75
1737057600,0.06525,0.06555,0.06404,0.06458,289725.92197,52
1737072000,0.06455,0.06634,0.06455,0.06578,257428.86574,69
1737086400,0.06585,0.06643,0.06557,0.06628,577719.9324199999,104
1737100800,0.06611,0.067,0.06595,0.06685,843172.0047399999,110
1737115200,0.06665,0.06805,0.06661,0.06697,327629.12188,86
1737129600,0.06715,0.0676,0.06658,0.06709,264346.1356699999,113
1737144000,0.06715,0.06863,0.06712,0.06815,425654.96111,97
1737158400,0.06815,0.06866,0.06499,0.06507,374200.9659800003,139
1737172800,0.0654,0.06552,0.06303,0.06335,472666.4734699999,108
1737187200,0.0632,0.06383,0.06258,0.06383,1156518.1922,95
1737201600,0.06376,0.06379,0.063,0.06347,156207.11727,60
1737216000,0.06302,0.06302,0.0615,0.06242,3288233.3794000023,525
1737230400,0.0624,0.0631,0.06178,0.06303,1436874.28859,140
1737244800,0.06278,0.06395,0.06207,0.06294,1477097.70772,154
1737259200,0.06236,0.06254,0.06045,0.06061,986545.8022800009,156
1737273600,0.0604,0.0604,0.05738,0.05807,2082189.5380899997,342
1737288000,0.05807,0.0632,0.05775,0.06175,839156.1992700008,229
1737302400,0.06173,0.06805,0.06051,0.0622,722598.9176600005,193
1737316800,0.06272,0.06363,0.05686,0.05762,3424789.126759999,452
1737331200,0.05731,0.05859,0.05531,0.05836,1325890.4218,272
1737345600,0.05838,0.06468,0.05814,0.06185,746714.6683700003,151
1737360000,0.06153,0.06265,0.06084,0.06141,394689.08685,93
1737374400,0.06136,0.06136,0.05921,0.05943,387115.9539300001,76
1737388800,0.05935,0.06068,0.05701,0.06003,904950.10433,172
1737403200,0.05993,0.06059,0.05868,0.0603,204030.69503,63
1737417600,0.0603,0.06042,0.05868,0.06001,163298.3114899999,54
1737432000,0.05923,0.06169,0.05919,0.06084,137694.84805,81
1737446400,0.06076,0.06145,0.0603,0.0606,317275.88105,39
1737460800,0.06056,0.06169,0.05912,0.05912,615024.4450299998,105
1737475200,0.05974,0.06185,0.05974,0.06139,610945.99487,118
1737489600,0.06141,0.06227,0.06067,0.06168,225304.33146,67
1737504000,0.06167,0.06194,0.061,0.06158,142663.67915,46
1737518400,0.06146,0.062,0.06142,0.06146,199205.73308,47
1737532800,0.06116,0.06169,0.06031,0.06169,84867.48415,36
1737547200,0.06171,0.06176,0.05975,0.05975,119928.91467,41
1737561600,0.05979,0.06082,0.05979,0.06035,2208190.5666799997,232
1737576000,0.06015,0.06176,0.06,0.06001,2587799.5073099993,297
1737590400,0.06,0.06141,0.0582,0.05864,2043388.498900004,998
1737604800,0.05835,0.05847,0.05762,0.05828,380558.1200699999,62
1737619200,0.05846,0.05849,0.05714,0.05764,61682.93943,35
1737633600,0.05735,0.05854,0.05665,0.05809,1037335.4109399995,1150
1737648000,0.05819,0.05898,0.05701,0.05701,312787.8126499999,98
1737662400,0.05766,0.05948,0.05671,0.05861,464884.6924000002,255
1737676800,0.0586,0.05868,0.05594,0.05679,321769.0289300001,95
1737691200,0.05661,0.05904,0.05661,0.05904,281941.2602299999,81
1737705600,0.059,0.0601,0.05895,0.05953,32331.80831,29
1737720000,0.05936,0.05977,0.05827,0.0588,155922.68865,48
1737734400,0.05896,0.05922,0.05842,0.05844,630148.51541,54
1737748800,0.05849,0.0585,0.05708,0.05739,386357.9488599999,68
1737763200,0.05739,0.05923,0.05573,0.05819,409224.31852,109
1737777600,0.05798,0.05897,0.05559,0.05654,80365.13335,82
1737792000,0.05651,0.05676,0.05633,0.05652,203221.13228,38
1737806400,0.05659,0.05678,0.0563,0.05657,156266.40411,28
1737820800,0.05682,0.05729,0.05682,0.05703,368516.6453700001,37
1737835200,0.0571,0.05726,0.05654,0.05654,132440.54674,44
1737849600,0.05698,0.05727,0.05603,0.05727,620768.21419,47
1737864000,0.05722,0.05785,0.05708,0.05729,119702.87961,34
1737878400,0.05738,0.05738,0.05588,0.05681,130498.30004,32
1737892800,0.05682,0.05698,0.05656,0.0567,578440.6253599998,54
1737907200,0.05669,0.05707,0.05646,0.05682,871424.9066999998,84
1737921600,0.05686,0.05695,0.05522,0.05522,589672.0490899999,52
1737936000,0.055,0.055,0.05344,0.05407,460727.5862300002,101
1737950400,0.05385,0.05385,0.05034,0.0518,633133.7777700002,139
1737964800,0.05164,0.0524,0.05104,0.05175,206134.9305599999,66
1737979200,0.05196,0.05369,0.05123,0.05345,790004.2024700004,160
1737993600,0.05299,0.05322,0.05126,0.05158,318566.46204,79
1738008000,0.0517,0.05399,0.05165,0.05347,182631.54005,49
1738022400,0.05363,0.05363,0.05261,0.05324,166257.2816099999,45
1738036800,0.0532,0.05365,0.05292,0.05299,442614.74054,54
1738051200,0.05283,0.05288,0.05252,0.05266,61738.48254,27
1738065600,0.05283,0.05303,0.05186,0.05261,178648.5591,58
1738080000,0.05228,0.05338,0.05149,0.05178,357053.0733600002,99
1738094400,0.05196,0.05196,0.04905,0.05012,263810.1969,92
1738108800,0.05017,0.05197,0.05015,0.05197,181407.96845,52
1738123200,0.05196,0.05275,0.05196,0.05268,94570.75605,53
1738137600,0.05296,0.05309,0.05197,0.05246,73447.05651,35
1738152000,0.05277,0.05279,0.05126,0.05142,129187.71148,33
1738166400,0.05142,0.05281,0.05057,0.05229,460488.71682,100
1738180800,0.05221,0.05338,0.05184,0.0522,58266.9849,41
1738195200,0.0522,0.05374,0.05178,0.05367,280764.86327,64
1738209600,0.05377,0.05391,0.05311,0.05311,147585.29427,55
1738224000,0.05315,0.05401,0.05315,0.0538,236542.25136,36
1738238400,0.05366,0.05474,0.05337,0.05466,469314.8713000001,76
1738252800,0.05448,0.05462,0.05379,0.05439,274367.93915,73
1738267200,0.0543,0.05483,0.05372,0.05409,267555.46881,62
1738281600,0.05395,0.05409,0.05316,0.0534,601054.2713,72
1738296000,0.05318,0.05446,0.05305,0.05382,242155.30124,48
1738310400,0.05367,0.05473,0.05332,0.05473,342170.7784100001,69
1738324800,0.05479,0.05632,0.05469,0.05632,333222.4678800001,64
1738339200,0.05632,0.05632,0.054,0.05411,752494.2911200002,95
1738353600,0.05426,0.05572,0.05325,0.05406,663917.6318999997,79
1738368000,0.05357,0.05417,0.05349,0.0535,88735.54781,30
1738382400,0.05352,0.05388,0.0529,0.0529,67703.10463,36
1738396800,0.05293,0.05293,0.05147,0.05182,101249.81604,36
1738411200,0.05219,0.05229,0.05146,0.052,151240.86478,42
1738425600,0.05219,0.05219,0.05018,0.05032,165786.17112,68
1738440000,0.05,0.05013,0.04831,0.04899,475677.0141899998,123
1738454400,0.04899,0.05055,0.0465,0.04661,1126329.5120699995,340
1738468800,0.04658,0.04779,0.04658,0.04679,280401.72412,73
1738483200,0.04697,0.0476,0.04601,0.04603,828622.7079100001,137
1738497600,0.04648,0.0471,0.04598,0.04636,1127119.0956,181
1738512000,0.04634,0.04636,0.04255,0.04416,3547473.532360001,399
1738526400,0.04419,0.04512,0.04,0.0421,1575753.51681,266
1738540800,0.04204,0.04206,0.02755,0.03445,5704112.296339996,653
1738555200,0.03452,0.03706,0.03325,0.03693,1973530.1668399994,325
1738569600,0.03663,0.0398,0.03644,0.03872,1675093.5935499992,223
1738584000,0.03877,0.0403,0.03574,0.04029,4610567.902449999,371
1738598400,0.04003,0.04179,0.03967,0.04165,507314.4149,152
1738612800,0.04146,0.045,0.04098,0.0424,222495.20128,87
1738627200,0.04257,0.04274,0.04028,0.04092,247228.95813,68
1738641600,0.04112,0.04151,0.03774,0.03791,557035.6614500002,128
1738656000,0.03773,0.0392,0.03686,0.03854,598938.6959699997,103
1738670400,0.03867,0.04008,0.03858,0.0393,142596.8665600001,177
1738684800,0.03915,0.0403,0.039,0.039,124456.12102,71
1738699200,0.039,0.03951,0.0372,0.03862,517212.3026799999,139
1738713600,0.03838,0.03959,0.03768,0.03811,177126.53877,52
1738728000,0.038,0.03889,0.038,0.03844,334802.3830499999,66
1738742400,0.03832,0.03856,0.03765,0.03844,207036.9048,41
1738756800,0.03836,0.0388,0.03782,0.03782,248854.6431700001,66
1738771200,0.03764,0.03764,0.03606,0.03704,310240.76594,92
1738785600,0.03707,0.03707,0.03515,0.03604,341208.7058399998,73
1738800000,0.03603,0.03659,0.0359,0.03613,273956.0994199999,66
1738814400,0.03629,0.03695,0.03628,0.0366,90955.91533,49
1738828800,0.03637,0.03675,0.03601,0.03645,129200.85499,33
1738843200,0.03623,0.03674,0.03444,0.03463,242879.9181899999,99
1738857600,0.03469,0.03557,0.03404,0.03452,426633.52588,85
1738872000,0.03445,0.035,0.03424,0.03443,242963.2331899999,59
1738886400,0.0346,0.03549,0.03453,0.0352,205914.4480100001,55
1738900800,0.03513,0.0357,0.03453,0.03521,108542.09435,29
1738915200,0.03552,0.03657,0.03527,0.03654,79372.41348,26
1738929600,0.03667,0.04541,0.0366,0.04017,927211.6813000011,308
1738944000,0.04012,0.0403,0.0383,0.0383,243522.8600499999,95
1738958400,0.038,0.03849,0.03641,0.0384,191050.7368,62
1738972800,0.03832,0.04634,0.03813,0.04156,785217.7995000003,285
1738987200,0.04184,0.04331,0.04026,0.04138,308014.94268,142
1739001600,0.04109,0.04109,0.03906,0.03951,158292.71697,61
1739016000,0.03948,0.04023,0.03943,0.03954,188473.32176,55
1739030400,0.03916,0.04329,0.0391,0.0401,228301.88023,67
1739044800,0.04016,0.04543,0.0392,0.04061,248068.0840000001,68
1739059200,0.04027,0.04029,0.03909,0.03999,352478.2820400001,126
1739073600,0.03969,0.03975,0.03849,0.03924,97535.31055,32
1739088000,0.03921,0.03941,0.03888,0.03888,108989.79093,32
1739102400,0.03887,0.03887,0.03794,0.03836,46301.35031,21
1739116800,0.03855,0.04368,0.03799,0.03809,637048.6598100004,117
1739131200,0.03821,0.03848,0.03713,0.0379,183395.90964,42
1739145600,0.03814,0.03861,0.03651,0.03743,201808.1086299999,61
1739160000,0.03754,0.03788,0.03733,0.03733,136542.66113,40
1739174400,0.03747,0.03804,0.03747,0.03767,100601.6521,25
1739188800,0.03771,0.03871,0.03731,0.03818,1589966.5310800006,114
1739203200,0.03828,0.03871,0.03822,0.03832,65679.35881,27
1739217600,0.0383,0.03844,0.0375,0.0375,50051.43628,22
1739232000,0.03772,0.0386,0.03771,0.03832,157362.97354,40
1739246400,0.03872,0.03997,0.03864,0.03926,122089.13973,50
1739260800,0.03926,0.03983,0.03872,0.03911,79221.94326,22
1739275200,0.03889,0.03897,0.03781,0.03893,272578.00944,49
1739289600,0.03896,0.03909,0.03741,0.03741,195707.38128,39
1739304000,0.03773,0.03968,0.03773,0.03936,201652.22868,79
1739318400,0.03935,0.03935,0.03697,0.03744,87192.73629,61
1739332800,0.03736,0.03836,0.03712,0.03796,172601.90905,60
1739347200,0.038,0.03808,0.03721,0.03764,232248.50888,46
1739361600,0.03761,0.03848,0.03589,0.03722,423216.80742,78
1739376000,0.03712,0.03909,0.03695,0.03909,342767.36616,81
1739390400,0.0391,0.03991,0.0391,0.03934,105470.2705,42
1739404800,0.03916,0.03917,0.03883,0.03902,89158.76983,20
1739419200,0.03905,0.03913,0.03766,0.03766,220047.1708,40
1739433600,0.03772,0.03816,0.03766,0.03779,88330.77521,17
1739448000,0.03781,0.03848,0.03717,0.03795,890315.4030400005,129
1739462400,0.03793,0.03842,0.0376,0.03785,1509889.20364,101
1739476800,0.03785,0.03829,0.03785,0.03805,170668.94702,29
1739491200,0.03809,0.03849,0.03776,0.03849,91008.18162,34
1739505600,0.03867,0.03867,0.03811,0.03822,84802.34932,26
1739520000,0.03821,0.03909,0.03819,0.03848,93047.17233,41
1739534400,0.03834,0.03887,0.03811,0.0386,103206.29734,51
1739548800,0.03869,0.03978,0.03834,0.03922,176746.58905,42
1739563200,0.0393,0.03931,0.03832,0.03871,134814.15482,37
1739577600,0.03878,0.03919,0.03869,0.03919,8787.4673,11
1739592000,0.03904,0.03904,0.03847,0.03849,136758.62173,23
1739606400,0.03876,0.03876,0.0383,0.03832,40427.87601,11
1739620800,0.03843,0.03843,0.03745,0.03768,47108.77519,22
1739635200,0.03782,0.03792,0.03766,0.03776,9792.7702,9
1739649600,0.03774,0.03774,0.03727,0.03758,71456.08177,18
1739664000,0.03771,0.03818,0.03756,0.0381,23809.15879,9
1739678400,0.03809,0.03809,0.03645,0.03652,73630.74076,19
1739692800,0.03727,0.03788,0.03727,0.03788,46367.46177,18
1739707200,0.03793,0.03793,0.03703,0.03742,49255.54342,17
1739721600,0.0373,0.03758,0.03723,0.0375,148468.56943,36
1739736000,0.03764,0.03793,0.03756,0.03769,49288.74696,23
1739750400,0.03758,0.03773,0.03711,0.03736,23334.11208,14
1739764800,0.0375,0.0375,0.03614,0.03685,88705.86903,31
1739779200,0.03679,0.03788,0.03679,0.03749,192821.86192,22
1739793600,0.03747,0.03832,0.03717,0.03717,87247.47725,22
1739808000,0.03713,0.03721,0.03634,0.03661,393159.31814,44
1739822400,0.03658,0.03824,0.03658,0.037,260849.44024,43
1739836800,0.03679,0.03679,0.03658,0.03658,120615.40479,28
1739851200,0.03654,0.03654,0.03486,0.03545,477872.2171599998,74
1739865600,0.03546,0.03596,0.03527,0.03574,311897.44774,42
1739880000,0.03577,0.03613,0.035,0.03502,191509.36509,37
1739894400,0.03498,0.03523,0.03433,0.03504,559718.16315,77
1739908800,0.03496,0.03539,0.03478,0.03539,151403.10802,39
1739923200,0.03551,0.03551,0.03493,0.03514,518291.6142599999,36
1739937600,0.03509,0.03552,0.03458,0.03552,78922.72509,21
1739952000,0.03538,0.03564,0.0353,0.03564,54570.40264,25
1739966400,0.03561,0.03571,0.03485,0.03501,58551.14923,21
1739980800,0.0351,0.03541,0.03497,0.03497,35063.04771,19
1739995200,0.03538,0.03552,0.03511,0.03548,53095.50148,27
1740009600,0.03558,0.03612,0.03558,0.03604,58932.84924,21
1740024000,0.03636,0.03655,0.03573,0.03607,176105.3427599999,37
1740038400,0.03603,0.03651,0.03567,0.03651,189389.65252,24
1740052800,0.03661,0.03667,0.03614,0.03614,513458.4863099999,66
1740067200,0.03615,0.03692,0.03607,0.03692,43530.71483,16
1740081600,0.0369,0.03702,0.03661,0.03698,115379.25749,30
1740096000,0.03702,0.03702,0.03649,0.03664,47702.89338,20
1740110400,0.03667,0.03738,0.03666,0.03697,359075.86527,61
1740124800,0.03717,0.03842,0.03717,0.03841,199754.09566,32
1740139200,0.03846,0.03887,0.03622,0.03728,116210.39516,46
1740153600,0.03699,0.03848,0.03566,0.03587,328229.5517299999,70
1740168000,0.03629,0.04145,0.03543,0.03749,1634772.5435899997,185
1740182400,0.03727,0.03771,0.037,0.03713,183848.4096,27
1740196800,0.03735,0.04123,0.03735,0.03757,228714.44845,49
1740211200,0.03763,0.03848,0.03711,0.0383,93526.61697,30
1740225600,0.03909,0.04045,0.03873,0.04045,118641.94615,25
1740240000,0.04071,0.04071,0.03918,0.03918,145230.08326,34
1740254400,0.03909,0.0393,0.03894,0.03906,168202.81443,31
1740268800,0.03943,0.04079,0.0386,0.0386,244273.39181,47
1740283200,0.03861,0.03866,0.03829,0.03866,63713.97142,15
1740297600,0.0387,0.0387,0.03827,0.03837,47440.35185,8
1740312000,0.03788,0.03788,0.03727,0.03727,18504.28511,9
1740326400,0.0373,0.03771,0.0373,0.03754,85278.41563,17
1740340800,0.03751,0.03873,0.03738,0.03788,236313.76161,30
1740355200,0.03784,0.03784,0.03635,0.03635,12597.52771,16
1740369600,0.03606,0.03641,0.03583,0.03583,19622.05758,10
1740384000,0.0355,0.0355,0.03467,0.03539,184107.5861,28
1740398400,0.03545,0.03606,0.03471,0.03487,263742.79237,31
1740412800,0.03499,0.03539,0.03448,0.03459,164886.7347,25
1740427200,0.03465,0.03507,0.0325,0.03286,380021.6006899999,78
1740441600,0.03286,0.03336,0.032,0.03314,380667.34494,53
1740456000,0.0325,0.03291,0.03043,0.03141,461963.89977,61
1740470400,0.0318,0.03199,0.03075,0.03199,63896.07942,28
1740484800,0.03196,0.03228,0.0311,0.0315,143443.30681,43
1740499200,0.03152,0.03184,0.03094,0.03161,860307.94333,50
1740513600,0.032,0.0328,0.032,0.03257,566677.1531800001,49
1740528000,0.03249,0.03305,0.03219,0.0329,394675.6196,26
1740542400,0.03305,0.03309,0.03275,0.03275,96240.78186,16
1740556800,0.03286,0.03307,0.03242,0.03242,72718.47209,21
1740571200,0.03239,0.03282,0.0286,0.03268,476580.06282,77
1740585600,0.03222,0.03247,0.03092,0.0318,373352.98263,49
1740600000,0.0318,0.0338,0.03138,0.03254,162536.1207700001,40
1740614400,0.03274,0.04006,0.03268,0.03796,1150840.6234400002,270
1740628800,0.03727,0.04015,0.03727,0.03921,960954.8091999997,199
1740643200,0.03878,0.03878,0.03644,0.03676,214065.14785,66
1740657600,0.03663,0.03694,0.03532,0.03567,436438.93485,121
1740672000,0.03565,0.03585,0.03523,0.03526,156075.34576,65
1740686400,0.03518,0.03562,0.03472,0.0356,231668.02653,54
1740700800,0.0356,0.03717,0.03236,0.03242,419291.0261799998,99
1740715200,0.03233,0.03327,0.03196,0.03297,361471.3825599999,91
1740729600,0.03339,0.03707,0.03302,0.03464,750468.6636199998,161
1740744000,0.03474,0.03667,0.03466,0.03667,465185.8586199998,76
1740758400,0.03656,0.0381,0.03633,0.03801,199114.1368799999,69
1740772800,0.03802,0.03984,0.03779,0.03927,4295079.72726,385
1740787200,0.03942,0.04908,0.03942,0.04038,1861656.9443800016,499
1740801600,0.04047,0.04166,0.04044,0.04063,205391.94967,90
1740816000,0.04073,0.0414,0.0398,0.0401,369923.0431199999,74
1740830400,0.04025,0.04025,0.03917,0.03933,47995.77099,36
1740844800,0.03915,0.04013,0.03866,0.04009,1369308.3514900003,128
1740859200,0.04017,0.041,0.04017,0.041,503904.2309099999,79
1740873600,0.041,0.041,0.03883,0.03907,874105.7068899998,90
1740888000,0.03911,0.03949,0.03904,0.03915,99689.261,18
1740902400,0.03911,0.03936,0.03895,0.03916,299848.5349,52
1740916800,0.03903,0.03946,0.03828,0.0388,169171.79204,70
1740931200,0.03871,0.0409,0.03841,0.04066,1197913.7126299995,237
1740945600,0.04073,0.04086,0.03926,0.04061,502466.2368900001,117
1740960000,0.04067,0.04333,0.03956,0.03956,144777.60294,106
1740974400,0.03971,0.03971,0.037,0.03751,434847.8909699998,117
1740988800,0.03775,0.03797,0.03704,0.0379,155289.43425,49
1741003200,0.03785,0.0382,0.03577,0.03603,238925.91858,75
1741017600,0.03606,0.03694,0.03388,0.03392,189668.87921,117
1741032000,0.0338,0.03418,0.03318,0.03329,260897.85821,85
1741046400,0.03341,0.03567,0.03156,0.03222,433524.50769,122
1741060800,0.03224,0.03301,0.03209,0.03246,236506.89051,57
1741075200,0.03253,0.03379,0.03225,0.03378,60029.84203,40
1741089600,0.03384,0.03485,0.03327,0.03437,260470.7513,61
1741104000,0.03415,0.03631,0.03296,0.03587,412594.1111299999,70
1741118400,0.03583,0.03672,0.03506,0.03668,141316.43537,35
1741132800,0.03634,0.03662,0.03516,0.03516,48549.39769,30
1741147200,0.03517,0.03571,0.03502,0.03571,39228.1291,13
1741161600,0.03562,0.03669,0.03558,0.03606,98573.20625,31
1741176000,0.03623,0.03653,0.03587,0.03596,41572.69259,21
1741190400,0.03591,0.03629,0.03574,0.03621,258118.68713,27
1741204800,0.03634,0.03667,0.03606,0.03648,29367.65521,19
1741219200,0.03678,0.03678,0.03575,0.03592,39770.69621,16
1741233600,0.03613,0.03641,0.03588,0.03588,37751.96163,15
1741248000,0.03589,0.0361,0.03558,0.0361,150529.23878,24
1741262400,0.03602,0.03615,0.03355,0.035,366450.2489299999,72
1741276800,0.03454,0.03454,0.03364,0.03369,74603.72281,21
1741291200,0.03369,0.03396,0.03355,0.03385,123999.05479,27
1741305600,0.03382,0.03388,0.03156,0.03272,323380.57303,58
1741320000,0.03308,0.0332,0.033,0.03319,31969.29418,13
1741334400,0.03298,0.03351,0.03294,0.03322,32793.95578,10
1741348800,0.03321,0.03378,0.03303,0.0333,438697.17985,57
1741363200,0.03349,0.03565,0.03254,0.03453,291107.0456400001,52
1741377600,0.03463,0.03479,0.0338,0.0338,152682.70527,29
1741392000,0.034,0.04581,0.034,0.03791,7684301.941290003,792
1741406400,0.03796,0.03913,0.03711,0.03777,1766342.9033900008,248
1741420800,0.03741,0.03796,0.03653,0.03664,370053.80913,66
1741435200,0.03727,0.03733,0.03663,0.03707,93878.79591,59
1741449600,0.037,0.03795,0.03697,0.0372,437809.30489,70
1741464000,0.03735,0.03735,0.03667,0.03677,60444.22255,33
1741478400,0.03687,0.03689,0.03567,0.0357,421483.4960500001,51
1741492800,0.03559,0.03563,0.0351,0.03548,24598.2204,15
1741507200,0.03536,0.03536,0.03405,0.03423,252860.2411,41
1741521600,0.03421,0.0343,0.03346,0.03346,207789.81742,29
1741536000,0.03361,0.03361,0.0325,0.03329,666678.35873,89
1741550400,0.03315,0.03332,0.03167,0.03181,1005888.6683900001,89
1741564800,0.032,0.0327,0.031,0.0327,298675.22367,50
1741579200,0.03261,0.03727,0.03261,0.0366,1209195.28598,173
1741593600,0.03662,0.03662,0.03479,0.03479,395494.59785,47
1741608000,0.03454,0.03667,0.03267,0.03414,1198640.3403099997,171
1741622400,0.03371,0.03372,0.0324,0.03295,408839.60821,84
1741636800,0.03329,0.03398,0.03279,0.03279,167755.12996,62
1741651200,0.03259,0.03769,0.0315,0.03358,18568251.86622,1303
1741665600,0.03349,0.03385,0.03304,0.03337,298560.4133299998,69
1741680000,0.03339,0.03384,0.03331,0.03353,249698.53266,62
1741694400,0.03332,0.03435,0.03258,0.03391,564486.5617900002,76
1741708800,0.03391,0.0348,0.03344,0.03445,302066.9737900001,63
1741723200,0.03438,0.03438,0.03386,0.03416,193735.80185,33
1741737600,0.03442,0.03559,0.0343,0.03526,219678.3673,68
1741752000,0.03516,0.03654,0.03516,0.03654,174124.31739,57
1741766400,0.03631,0.03631,0.0353,0.03541,54063.46949,27
1741780800,0.03544,0.03581,0.03414,0.03464,211159.57422,51
1741795200,0.03463,0.03789,0.03434,0.03678,2293478.2578500016,242
1741809600,0.03677,0.03884,0.03655,0.03879,449992.60724,139
1741824000,0.03855,0.04063,0.0376,0.03774,906557.2279300002,220
1741838400,0.03815,0.03839,0.03709,0.03826,179513.8545,62
1741852800,0.03848,0.0405,0.03848,0.03873,453460.19365,102
1741867200,0.03887,0.03999,0.03766,0.03995,1275555.3516799994,144
1741881600,0.03945,0.03945,0.03541,0.0356,1053550.96172,167
1741896000,0.03562,0.03684,0.0356,0.03647,92231.2015,35
1741910400,0.03647,0.03734,0.0351,0.03611,482197.4815600004,117
1741924800,0.03591,0.03599,0.0356,0.03584,806458.7000500003,110
1741939200,0.03587,0.03616,0.03577,0.03589,160158.8676799999,27
1741953600,0.03579,0.03761,0.03578,0.03703,150328.24139,43
1741968000,0.03716,0.03722,0.03629,0.03653,1230551.4727799997,156
1741982400,0.0365,0.03743,0.03614,0.03665,575795.56788,52
1741996800,0.03701,0.03715,0.03523,0.03606,378563.6355199999,46
1742011200,0.03599,0.03628,0.03582,0.03597,38387.29618,32
1742025600,0.03588,0.03724,0.03588,0.0372,233549.73274,61
1742040000,0.03718,0.038,0.03643,0.03735,428199.7323,49
1742054400,0.03719,0.038,0.0366,0.0366,137205.03426,43
1742068800,0.03675,0.03736,0.03675,0.0373,136156.21601,32
1742083200,0.0372,0.0372,0.03616,0.03634,255566.7651100001,48
1742097600,0.03637,0.0364,0.036,0.03619,32189.12807,18
1742112000,0.0362,0.03662,0.03445,0.03486,537560.0608499999,102
1742126400,0.03495,0.03535,0.03474,0.03511,58377.71424,33
1742140800,0.0353,0.03572,0.03428,0.03428,279219.6245900001,69
1742155200,0.03432,0.03443,0.03408,0.03432,69335.4954,40
1742169600,0.03438,0.03505,0.03406,0.03487,471570.5131100001,75
1742184000,0.03494,0.03536,0.03469,0.03532,265550.0140800001,65
1742198400,0.03505,0.03538,0.03505,0.03538,124204.45457,25
1742212800,0.03543,0.0357,0.03461,0.03507,163438.22987,42
1742227200,0.03517,0.03533,0.03472,0.03519,169406.7814,41
1742241600,0.0352,0.03533,0.03501,0.03508,125203.21477,36
1742256000,0.03513,0.03513,0.03378,0.03397,489522.1124399999,68
1742270400,0.03397,0.03397,0.03312,0.0337,101638.45614,35
1742284800,0.0336,0.03403,0.0336,0.03376,28929.65924,20
1742299200,0.03388,0.03406,0.03334,0.03343,123300.10545,29
1742313600,0.03337,0.03347,0.03291,0.03304,127273.86828,37
1742328000,0.03309,0.03352,0.03282,0.03332,257097.09888,46
1742342400,0.03336,0.03429,0.03279,0.03331,295932.9802500001,63
1742356800,0.03321,0.03343,0.03303,0.03303,44523.62112,19
1742371200,0.03304,0.03394,0.03304,0.0336,490023.10338,50
1742385600,0.03378,0.03391,0.03327,0.03391,431002.5969600001,48
1742400000,0.03388,0.03399,0.03344,0.03375,272908.63636,29
1742414400,0.03379,0.03401,0.0336,0.03394,300661.05008,34
1742428800,0.03399,0.03399,0.03329,0.03378,260590.86356,34
1742443200,0.03358,0.03372,0.03339,0.03358,35233.55261,18
1742457600,0.03363,0.0338,0.03308,0.03338,40631.04781,13
1742472000,0.03331,0.03359,0.03301,0.03313,245885.30956,46
1742486400,0.03283,0.03298,0.03281,0.03285,138615.65139,25
1742500800,0.03292,0.03314,0.03278,0.03314,98123.14975,19
1742515200,0.03316,0.03331,0.03294,0.03294,154826.35315,31
1742529600,0.03317,0.03322,0.03258,0.0326,7305.00739,13
1742544000,0.03252,0.03271,0.0324,0.03241,200028.22586,29
1742558400,0.03242,0.03242,0.03219,0.03226,538641.1752,71
1742572800,0.03231,0.03258,0.03221,0.0324,103689.64856,26
1742587200,0.03256,0.03324,0.03256,0.03292,19572.77368,16
1742601600,0.03306,0.03403,0.03305,0.03348,390463.6060699999,58
1742616000,0.03351,0.03385,0.03351,0.03366,62383.47601,28
1742630400,0.0337,0.03403,0.03367,0.03381,39026.90723,14
1742644800,0.03381,0.03382,0.03321,0.03343,51669.7683,28
1742659200,0.03367,0.03399,0.03365,0.03373,62815.35228,26
1742673600,0.0337,0.03373,0.03311,0.03332,22667.94615,20
1742688000,0.0339,0.0351,0.03351,0.03464,280943.5757699999,50
1742702400,0.0351,0.03611,0.03472,0.03483,154809.14622,41
1742716800,0.03491,0.03517,0.03423,0.03423,80827.30813,25
1742731200,0.03421,0.03472,0.03421,0.03459,55315.1166,21
1742745600,0.03442,0.03473,0.03423,0.03423,96079.91886,37
1742760000,0.03427,0.03465,0.03418,0.03465,154299.83088,27
1742774400,0.03474,0.03474,0.03346,0.03409,128744.40964,30
1742788800,0.03429,0.03569,0.03428,0.03528,125983.3276499999,53
1742803200,0.03504,0.03512,0.03471,0.03503,24734.0522,12
1742817600,0.03515,0.03515,0.03459,0.03493,200318.44013,35
1742832000,0.035,0.03517,0.03475,0.03477,392995.66523,56
1742846400,0.03492,0.03523,0.03476,0.03495,40543.94642,25
1742860800,0.03492,0.0352,0.03407,0.03408,21832.0138,23
1742875200,0.03415,0.03495,0.03408,0.03469,104791.59555,21
1742889600,0.03441,0.03539,0.03441,0.03533,137034.21397,19
1742904000,0.0353,0.03561,0.03496,0.03541,79777.01029,26
1742918400,0.03552,0.0358,0.03532,0.03538,221724.08005,46
1742932800,0.03543,0.03568,0.03523,0.03568,49417.37833,27
1742947200,0.03553,0.03681,0.03535,0.03539,1587037.1143699999,164
1742961600,0.0355,0.03613,0.0355,0.03603,232094.07093,43
1742976000,0.03592,0.03595,0.03562,0.03571,36859.81058,22
1742990400,0.03585,0.03585,0.03426,0.03445,359802.6085000001,62
1743004800,0.03464,0.03476,0.03398,0.03433,769004.44084,46
1743019200,0.03426,0.03454,0.03425,0.03438,389935.8695099999,56
1743033600,0.03448,0.03554,0.03448,0.03536,159477.99909,29
1743048000,0.03532,0.03532,0.03507,0.03507,127282.16512,17
1743062400,0.03486,0.03492,0.03422,0.03422,72799.59677,19
1743076800,0.03527,0.03662,0.03507,0.03507,356303.60143,62
1743091200,0.03525,0.03547,0.03521,0.03542,67954.09991,11
1743105600,0.03533,0.03544,0.03504,0.03504,181427.12632,21
1743120000,0.03561,0.0364,0.03534,0.03544,353832.7890000001,45
1743134400,0.03545,0.03545,0.03297,0.03303,291542.01481,52
1743148800,0.03321,0.03338,0.03302,0.03324,47410.84972,14
1743163200,0.03273,0.03302,0.03236,0.03241,520147.35674,50
1743177600,0.0323,0.03244,0.03214,0.0322,397193.7493599999,41
1743192000,0.0323,0.03266,0.03198,0.03266,71147.57646,24
1743206400,0.03282,0.03282,0.03204,0.03204,70831.4996,16
1743220800,0.03204,0.03207,0.03135,0.03145,100537.30251,25
1743235200,0.03155,0.03155,0.03062,0.03086,109561.46027,29
1743249600,0.03097,0.03148,0.03097,0.03132,44310.60389,9
1743264000,0.03133,0.03133,0.03064,0.031,107091.68564,29
1743278400,0.03084,0.03095,0.03075,0.03089,20148.37026,12
1743292800,0.03124,0.03132,0.03123,0.03123,4615.70327,4
1743307200,0.03124,0.03128,0.03101,0.03118,1364904.03985,54
1743321600,0.03117,0.03138,0.03082,0.03082,447813.10369,47
1743336000,0.03079,0.03084,0.03031,0.0304,134279.67001,33
1743350400,0.03036,0.03068,0.03017,0.03052,59206.90169,26
1743364800,0.03033,0.03072,0.03009,0.03033,121006.02303,16
1743379200,0.03055,0.03055,0.02932,0.02949,729788.5192000003,71
1743393600,0.02948,0.03004,0.02929,0.02929,230520.3497100001,24
1743408000,0.02964,0.02964,0.02868,0.02903,2108131.2543699997,121
1743422400,0.02935,0.02964,0.02903,0.02962,135734.32283,17
1743436800,0.02989,0.02993,0.02962,0.02971,131257.1585,14
1743451200,0.02978,0.0298,0.02943,0.02977,43812.10603,13
